1000
836152G47 763412G58
94 43 7 24 52 17 45 45 
458G67321 8G6735421
4 19 88 71 13 99 23 79 
1653G8274 783165G24
78 58 36 14 76 31 69 17 
87G256341 862G14537
26 23 95 54 75 50 9 85 
71248G356 87142G653
38 61 92 53 64 47 60 13 
G84275136 264375G18
41 28 96 74 65 76 32 48 
31G754682 527413G86
2 56 65 98 76 58 49 94 
57421386G 12764G538
68 97 74 55 65 62 49 99 
368715G42 G48235176
66 96 86 98 19 99 63 72 
42G183675 342G18657
38 61 62 32 97 87 92 4 
2168G5734 47G183526
62 33 35 20 26 38 88 44 
2G7816345 8152764G3
60 16 16 75 89 4 96 16 
41G253876 52847631G
79 6 76 85 30 67 58 51 
48356712G 1257836G4
17 10 22 89 48 39 12 66 
2831756G4 6517G2348
45 67 95 82 30 85 19 79 
537124G68 8574G2631
1 61 46 85 79 52 80 89 
45G317682 G15826347
33 3 14 87 99 92 83 35 
8G3624751 G51736824
94 84 55 84 98 96 51 66 
6572318G4 3125867G4
80 34 9 61 58 47 89 4 
6G4827315 2584716G3
7 85 90 7 3 9 84 57 
8472G5163 463751G82
59 84 72 16 9 47 98 16 
82G654713 5G7246381
16 84 12 34 100 14 88 1 
1235478G6 24865G713
3 9 37 81 14 51 95 29 
G14683275 271368G54
2 68 3 45 71 11 5 56 
G53241678 43816G752
57 5 45 59 52 60 73 89 
8624G7513 685G72314
19 26 17 12 15 64 3 47 
G67132584 4376G1528
80 7 98 55 23 1 97 30 
2138675G4 326417G58
10 96 66 70 7 42 28 62 
75G328641 671342G85
4 12 94 41 12 67 48 90 
5318467G2 368125G47
43 43 79 22 59 100 50 1 
6215387G4 G21368457
45 94 62 14 49 95 53 30 
3G6724158 5743G2816
79 44 18 50 51 15 82 21 
51237G864 276143G58
19 85 28 32 5 84 73 24 
328761G54 468523G71
62 43 36 14 71 83 2 58 
723815G64 4G7318265
100 38 56 43 25 43 64 38 
632G71485 51687432G
57 65 63 47 31 30 10 61 
164G28537 18632745G
76 56 65 13 66 21 67 14 
G26781543 65G427318
61 58 26 83 11 15 16 54 
8G2731546 5673G8412
80 99 5 90 34 0 98 25 
6734G5812 54G238167
13 7 25 82 50 42 55 58 
2513G4678 3876G4251
22 63 81 8 10 32 42 78 
87136452G 4316G8725
94 67 67 94 57 39 93 75 
426731G85 64G251387
86 57 70 86 28 75 29 2 
72318456G 146352G87
22 46 24 23 27 35 66 29 
12867G345 56147283G
89 54 96 58 40 15 42 11 
5136G4287 G32746518
77 61 48 78 63 21 7 27 
6387G5241 5642G3718
2 1 50 90 60 82 100 48 
4158G2673 183G56724
64 33 4 61 15 76 62 0 
12738654G 43675G821
48 74 80 85 37 2 54 11 
27654G381 824531G67
2 17 10 80 52 63 60 78 
G75682314 67481G253
7 59 98 3 40 48 36 63 
37562G481 62514387G
19 20 68 55 96 66 59 30 
4856G7123 8156G7324
99 52 53 81 34 70 29 19 
3725G4168 G37481652
86 33 78 100 78 39 18 29 
51237G648 G42138567
3 53 59 23 61 61 52 19 
42G375816 714253G68
92 76 83 78 7 37 60 86 
85G231674 1648237G5
40 52 97 26 19 31 61 85 
G58214763 G42581673
100 88 39 16 62 26 49 73 
825637G41 5G8132647
4 90 1 7 14 2 2 90 
358G12674 14268735G
96 19 6 36 65 31 38 56 
85421736G G38746152
59 48 46 3 41 52 65 17 
741G83256 G62183574
10 29 56 54 15 78 67 58 
582763G41 642G51783
1 76 43 91 87 64 76 55 
5318247G6 7G5124836
35 19 34 11 11 15 21 89 
43685G172 745G81632
81 46 84 26 39 58 0 36 
437652G81 85671G243
93 59 22 0 19 48 81 10 
826357G14 2783645G1
69 60 29 45 85 65 52 39 
52814G367 6851G2734
74 30 26 57 52 1 51 37 
526G18347 G81324675
79 3 76 6 86 60 79 52 
128346G57 3G8746512
77 96 82 90 70 37 14 76 
813G62547 718G43526
19 56 85 82 99 95 35 41 
45G278613 7G1356428
91 80 64 74 28 43 95 92 
5136472G8 G81346275
29 33 100 2 71 33 95 68 
31785426G 53617G248
1 32 31 95 53 48 83 56 
247G15386 4382715G6
82 65 65 91 61 53 7 45 
842G17635 3286G7541
97 6 79 82 80 38 85 68 
8367G1452 216G37485
38 64 93 53 78 63 61 86 
4G5286371 185G72436
39 72 19 4 55 6 79 94 
87523416G G51237648
46 36 16 51 91 59 78 83 
5247368G1 72G534816
81 57 31 47 65 75 78 56 
4583176G2 85642713G
67 19 39 15 34 30 41 42 
4657238G1 341G28657
52 94 6 72 82 56 91 83 
4352G1687 68G714253
8 85 14 33 1 0 5 74 
86472G531 1752G8643
14 33 73 53 100 85 89 33 
1435286G7 G58367214
35 88 82 2 76 77 29 77 
G51438276 243781G56
44 55 69 77 27 67 54 1 
1847G2635 G24618753
75 2 43 99 33 88 88 15 
136G27845 7G6435812
52 75 3 2 93 84 83 15 
4871365G2 82713564G
64 100 68 24 17 31 26 70 
18546G372 812G43675
44 36 63 99 40 86 53 65 
51G682743 742G53168
67 54 75 72 68 70 5 53 
264G31857 4G7586312
97 27 18 59 96 11 40 85 
56G472831 G35674821
65 16 86 72 7 32 28 31 
G76328415 28657G431
58 15 85 96 72 78 96 72 
3751628G4 456G32187
43 41 0 2 30 57 4 54 
835G42761 4583627G1
7 82 99 56 26 93 10 17 
3614G2587 465G37218
22 72 12 82 11 28 2 60 
24317G586 86432175G
14 9 94 16 74 80 21 97 
358214G67 1327G8645
74 54 95 37 10 51 35 97 
134G78256 2154G3687
68 22 74 96 96 54 42 33 
652G34178 376214G58
86 51 26 70 8 70 66 32 
4561837G2 61G478532
27 59 9 83 15 26 77 41 
7G3485621 G63471258
99 83 11 24 79 14 30 71 
7432G8156 G78261354
52 83 22 66 93 95 41 76 
3G6581724 3561G7824
7 68 76 17 84 47 5 56 
73816G524 41768G325
64 14 84 73 69 21 92 58 
4652317G8 64G271385
21 48 87 54 29 80 20 37 
4573G1268 6847521G3
82 73 3 82 95 85 8 77 
87245316G 4726853G1
94 72 69 66 52 86 65 40 
2G6857431 16738G254
34 63 69 13 15 56 33 59 
8G1463527 71285G436
27 35 76 31 67 99 85 16 
7538G4621 15482G736
30 34 92 28 52 36 25 88 
638741G25 3G6521478
16 23 89 94 99 36 63 5 
635G81274 27384G516
1 2 84 83 57 76 22 98 
85327G164 G27345816
74 62 53 85 17 98 35 20 
G65128734 28753641G
68 51 29 54 8 53 8 10 
823547G16 7G1264538
77 88 41 14 24 40 42 84 
16537G428 G21487563
53 27 4 64 50 27 34 2 
3G2857614 46G138275
64 44 16 14 2 34 1 47 
37264G158 2831756G4
93 91 20 53 98 67 61 28 
5123867G4 3G4281756
81 21 56 25 50 55 24 36 
8G4125376 586231G74
18 4 86 49 88 22 13 89 
4G7352861 647G25318
16 56 8 10 71 30 53 12 
4267358G1 4G1327865
55 84 42 31 49 24 86 36 
85134G672 214385G67
64 60 30 75 76 26 82 80 
41836G275 73G418652
23 98 99 69 74 76 74 26 
58176G234 3527G4168
32 7 41 92 29 17 18 69 
3756128G4 857214G36
35 97 42 97 32 3 30 62 
75642G318 1267534G8
66 68 63 98 35 14 2 22 
417326G58 57184G362
42 95 63 38 54 73 6 60 
24613578G 4G2185367
7 19 6 9 86 78 56 78 
386G54712 3721546G8
8 90 88 4 54 68 53 90 
1276G5384 G38645127
64 32 51 13 56 67 61 94 
4G3856271 163G47528
4 85 21 77 76 100 20 76 
7183562G4 76241G583
20 67 75 90 0 40 93 65 
576248G31 G45816237
78 10 41 94 75 30 46 52 
64572G318 5G6243781
30 17 20 86 11 21 44 7 
85G264137 458326G17
26 68 7 14 91 91 9 95 
567382G41 74263815G
69 32 32 12 29 40 61 2 
G14628735 75361G482
95 100 28 69 94 16 90 48 
78425361G 4735G6821
21 81 90 37 15 93 46 84 
42786G513 5G7218643
39 77 27 37 75 79 100 66 
35261784G 1G7623854
6 31 69 73 28 96 100 56 
6748125G3 816G24375
9 49 22 6 84 69 41 6 
25G146837 12G548367
22 25 87 6 70 23 12 57 
387264G51 1738G5264
60 50 61 12 76 46 15 54 
4G2587361 17348256G
81 80 98 13 47 9 90 49 
386471G52 8G6413572
1 87 41 28 90 61 34 16 
G21684573 164528G73
46 87 87 36 54 15 6 100 
G57834621 24653178G
100 16 55 79 23 91 79 33 
83674125G 13872G546
49 34 19 50 30 96 76 35 
86274315G 68G371245
92 54 19 13 60 24 51 95 
623G87154 452138G67
7 79 85 93 0 42 52 45 
751G62384 4851G6372
27 98 19 65 29 9 4 83 
357216G48 8G5134762
42 29 35 71 67 58 23 82 
3G5216478 51287364G
93 53 96 67 97 87 54 27 
8531G7246 75648G312
26 21 59 12 100 9 10 95 
534G26817 647325G18
87 18 16 8 99 10 10 19 
268G73415 1526873G4
5 54 19 40 41 1 18 5 
41752G683 G71563428
43 7 83 7 48 86 59 55 
7G1682435 63821G457
45 71 86 10 93 47 77 72 
G27381465 15372846G
100 44 27 50 0 88 42 40 
14G267538 G85347621
98 37 48 60 16 7 5 93 
65G483712 768G41532
28 67 26 91 5 59 17 42 
21485G376 8215G4367
88 14 21 18 91 18 21 33 
31784G652 863G17425
74 28 92 92 62 8 87 17 
2654837G1 1385762G4
72 31 99 74 34 93 84 99 
217G38456 53148G762
6 44 60 79 9 36 40 81 
741G25863 14G863275
12 28 6 79 95 29 19 70 
354628G17 5G8274613
81 23 35 63 71 39 58 41 
5762381G4 671G23845
47 21 55 44 90 90 17 54 
438617G25 5832G1746
83 61 42 14 69 76 15 36 
74261G583 81246375G
63 79 53 72 17 67 70 80 
5817G3264 548213G76
50 8 2 27 80 7 80 84 
G21483576 52G764381
16 86 75 84 35 46 0 45 
6253G7481 7158462G3
53 72 45 85 43 82 7 97 
14237G586 2G3841765
35 97 19 51 21 16 46 58 
86751234G 53G172486
26 42 40 81 44 30 53 12 
5G6428137 8276G4513
55 85 29 7 76 88 58 41 
G47261358 846G37125
82 81 87 86 53 38 82 76 
52847136G 4275G1386
36 44 33 31 37 79 2 93 
G48257361 62173458G
24 30 50 58 73 47 37 28 
358721G46 84625G713
70 73 51 0 49 80 31 82 
7218G5436 314287G65
18 88 63 49 96 65 73 12 
7163825G4 64258713G
57 16 11 31 16 15 91 71 
G15428763 47G152863
9 5 36 66 55 76 88 40 
41867325G G24357618
84 91 49 25 65 7 57 89 
1578362G4 7346285G1
29 2 86 8 7 22 12 3 
524863G17 G47261835
13 24 83 8 93 9 85 34 
7G1683425 1864G5327
88 44 26 0 67 98 32 61 
2758G6314 62473G518
60 15 92 94 58 57 86 5 
35672G481 12687453G
47 70 16 15 18 100 41 77 
8G5167423 G81273654
6 30 95 14 13 67 12 23 
765G42183 74251863G
47 36 33 25 33 48 57 89 
8456172G3 G76845231
94 60 11 21 96 66 63 36 
713258G64 485G21673
4 66 47 32 25 15 33 86 
82G456713 5618G2437
63 77 55 71 31 75 74 53 
5286473G1 647G82351
63 82 57 32 84 84 53 5 
43526187G 1347258G6
31 19 18 34 64 71 48 74 
6715G4238 31G647825
94 62 16 31 96 0 48 70 
2G5647318 7425G3618
67 4 39 81 54 10 53 11 
28761G435 14387562G
65 32 24 53 0 8 16 54 
5283G4617 82G371654
84 12 61 38 5 14 100 88 
47G863512 41327658G
92 32 23 15 54 18 23 27 
42G573618 8341G7265
37 54 7 6 45 31 19 87 
6G1852743 8G3412576
47 46 13 17 21 82 83 90 
7G4128536 75426G138
8 86 16 58 68 87 11 19 
735426G18 42G673851
63 75 70 20 71 26 86 37 
48G173625 652483G71
35 99 54 31 95 80 61 26 
547G83621 246813G75
97 12 97 59 38 54 59 65 
34G685271 1G6843725
29 31 96 48 39 69 63 56 
4532871G6 38672G154
37 14 86 91 3 15 19 16 
365274G81 G48327156
63 52 84 33 18 30 89 21 
71G584263 8235G6147
25 70 59 75 12 86 67 41 
6825174G3 6325781G4
86 32 85 6 66 13 24 47 
2163854G7 G76842315
97 42 11 19 84 44 94 34 
2718G4635 3G2465718
90 25 100 19 57 73 97 40 
71382465G 7351G2684
90 74 14 35 0 76 25 71 
51864G732 481G72635
72 16 18 94 65 3 13 55 
5467G2381 56387142G
73 73 53 6 11 25 28 33 
6712384G5 1G4325786
10 25 1 38 32 38 69 35 
5687412G3 G18357246
96 65 75 74 77 57 60 34 
368G17425 31528476G
4 98 95 79 41 98 91 1 
48G217365 18632G475
76 40 62 10 28 64 41 56 
6217845G3 23G687145
24 38 96 51 45 38 36 3 
14567G382 72654G813
93 32 33 55 55 64 23 60 
6381527G4 51G386274
60 8 18 58 85 96 42 24 
G81762345 872534G61
64 5 29 0 76 99 57 88 
3514276G8 G14368725
38 7 80 86 34 38 53 54 
48G531762 67251G384
73 56 44 79 59 48 60 53 
471263G58 328G17645
39 19 62 98 14 42 23 8 
76253418G 1G7862354
24 28 80 54 82 10 79 49 
326547G81 84527631G
53 19 90 100 91 3 77 60 
16457G283 G42631758
85 52 92 21 50 82 76 12 
1538742G6 13452786G
28 19 69 84 17 82 74 74 
G24851637 35762418G
20 78 44 46 1 54 42 3 
73652G184 G31256748
81 85 78 11 33 20 29 71 
1543786G2 7841536G2
24 86 15 92 12 50 23 91 
23784G156 8G3561427
94 62 32 6 82 30 46 64 
468G17235 G25186374
55 38 64 22 94 49 10 14 
57G841362 8517364G2
77 35 24 37 12 82 32 75 
5723G4681 4G8362715
16 54 72 44 59 70 64 7 
8561G3472 G75463182
88 89 96 34 17 16 90 38 
58413G627 46187G325
24 44 92 30 65 91 79 66 
7G4283516 1743G8256
3 23 41 86 34 3 78 61 
76G451238 65438271G
19 3 48 56 59 43 64 39 
72G568431 42675318G
98 87 71 48 72 98 83 57 
61G542837 G41723658
32 22 41 71 51 68 5 76 
8315274G6 2G1873564
5 59 11 26 16 57 13 64 
7G4316285 6238G5471
11 15 10 54 43 28 76 0 
683G12745 G34281756
98 40 74 92 69 57 91 44 
617G42385 1358726G4
85 7 8 59 50 0 47 24 
326G47851 G73482516
52 23 68 21 84 73 3 64 
6G2734185 764352G18
88 21 35 21 81 58 98 90 
5G8167243 58612G743
17 68 31 57 48 42 48 93 
G67158324 6827415G3
73 1 64 13 36 43 45 71 
2G1467538 467135G28
11 4 18 82 21 81 63 46 
34G781256 52G417836
75 95 94 25 38 14 69 24 
34821G765 78256G431
67 63 3 8 10 62 7 17 
342157G68 4361258G7
54 69 63 28 60 68 74 73 
86312547G 437G28516
83 26 5 41 66 65 49 85 
278165G43 3164G7285
85 57 77 44 45 71 28 41 
12758G634 1G3485762
32 43 17 16 61 32 68 91 
137G42568 315768G24
88 65 78 12 40 94 12 61 
468G72153 165748G23
0 35 75 35 41 48 65 39 
84G712563 273561G48
36 68 52 78 91 72 79 83 
21G746853 G27845163
26 57 63 47 54 26 86 9 
7816G2543 G18654732
100 86 43 44 24 57 50 63 
3814726G5 7284135G6
29 31 21 21 30 17 58 5 
2134G6875 2671354G8
75 36 41 38 95 28 40 26 
1263584G7 245G73861
83 26 29 30 21 49 4 45 
452G67183 53G812647
58 25 96 23 27 14 91 46 
72843561G 6G4318752
69 2 6 24 98 25 40 84 
2168G5734 28G517634
29 78 15 68 60 52 50 39 
51478G236 726841G35
62 20 96 22 1 15 77 97 
2156438G7 438127G65
16 82 90 17 77 67 93 76 
251378G64 7G5681324
61 82 20 24 13 43 15 36 
4G7286513 516487G23
47 60 25 26 84 80 83 79 
G27614835 51278634G
45 90 66 87 90 38 59 50 
23468G157 1642537G8
90 92 62 88 45 46 67 11 
263G78514 2164753G8
68 52 44 57 54 83 39 93 
672G43518 78G351264
54 76 55 40 27 82 58 59 
513G72684 84165G732
95 23 94 21 92 68 86 17 
4831267G5 G78362541
3 5 81 64 40 65 31 10 
61752G834 21384657G
40 18 25 25 16 6 36 64 
4125386G7 761G84523
24 43 78 27 56 48 96 61 
4631728G5 64572G831
72 51 13 94 12 94 66 88 
8632475G1 328G41675
10 12 91 50 56 2 67 41 
6G2534781 G67854321
16 73 33 15 36 55 30 56 
52487G136 53712G864
37 55 12 100 32 19 64 82 
G42371856 168G25437
40 29 12 22 45 69 25 56 
78435162G 8572G3416
29 37 49 40 49 19 24 83 
7G4518632 4526G7318
23 46 93 69 13 89 38 8 
G42367851 G47238156
53 12 55 97 30 97 42 1 
G85632741 38G542167
12 73 44 62 78 95 0 33 
46G287135 62358G147
65 76 96 47 85 40 63 71 
425361G87 871G65423
83 93 30 63 5 24 73 78 
134867G25 23675841G
80 58 10 91 60 11 86 44 
28135674G 3G6758124
46 13 80 74 49 26 13 47 
G45382716 3G5468217
0 89 79 72 60 72 11 45 
75G846123 48371G265
56 98 46 97 4 98 52 0 
G23486751 G87516243
88 22 39 8 87 61 43 17 
1G3542876 563G14827
91 92 8 82 67 86 19 84 
G16435728 217368G45
39 32 32 23 99 18 90 98 
65G417238 31G452768
100 55 15 13 48 87 39 25 
1G5387264 2674G1358
71 4 9 2 87 45 90 5 
3714G2856 3745G6821
17 14 38 98 57 10 23 99 
8576G2143 2G5374816
4 68 79 25 47 86 74 36 
512G87364 7681G2543
41 76 13 93 88 37 62 78 
31428756G G73241568
69 28 72 69 50 22 89 5 
17842563G G62348175
52 24 64 44 53 78 50 27 
G17682543 238614G57
53 75 93 18 95 39 33 9 
G67538124 54213G678
2 46 28 43 76 33 67 80 
G35471682 478235G16
47 51 52 14 64 21 34 66 
45278136G 68342517G
11 91 52 63 29 22 87 5 
8614523G7 7415683G2
27 99 40 98 23 40 26 44 
32157G486 1763542G8
77 56 68 83 5 90 82 40 
817G32456 2G4561387
34 21 61 20 54 84 5 22 
146G82537 G65382741
61 17 83 86 37 2 7 68 
82546371G 2618G5374
87 83 61 97 73 43 49 80 
36G415827 52G847361
18 41 65 62 4 5 40 53 
81357G462 81G354276
87 83 86 91 94 48 3 76 
82731G654 G72165438
5 62 26 76 34 97 93 74 
1345G2876 38514726G
10 52 9 93 49 2 62 13 
376G58241 67284513G
46 8 87 10 28 85 50 44 
4G5612837 54G836172
62 79 66 13 100 86 86 62 
7G1623458 6G3451278
15 4 21 13 40 57 88 56 
8625G4137 74326G851
0 55 1 81 19 4 12 9 
7G1843265 21548376G
38 5 2 28 83 18 92 65 
5312784G6 8163254G7
73 6 21 12 44 47 48 58 
12346587G 62G518437
4 30 52 80 32 56 46 63 
1374G5268 16278G435
43 27 59 28 67 64 86 36 
173426G85 521674G83
36 79 99 88 89 52 54 9 
5382641G7 57132G684
78 66 7 41 98 59 60 91 
65G834217 17G258643
89 48 77 33 78 6 96 35 
571G48623 726G83514
78 83 30 21 39 39 26 88 
8G1765243 784G56123
64 91 10 5 47 55 52 70 
G72843615 G63485217
57 22 28 45 62 83 8 44 
617854G23 62G485731
88 38 45 73 46 85 7 68 
472561G38 4128756G3
55 38 89 20 52 46 52 11 
637G28541 28G765431
33 42 93 16 75 20 54 8 
78G351426 836471G52
23 54 52 36 76 4 24 96 
68237G145 74215G638
85 25 77 83 75 62 92 72 
14G562837 71G846352
96 8 92 94 60 72 60 36 
351624G78 5638G4172
61 29 74 85 19 70 13 5 
3452G8617 87632G451
86 42 15 37 7 75 22 81 
56G378142 3615742G8
27 83 44 19 29 93 11 68 
31G672548 346572G18
34 48 89 52 29 70 89 24 
762518G34 82473G165
51 1 67 7 20 61 15 72 
351762G84 53G682471
75 44 33 51 57 32 94 73 
1G4765382 63G248751
38 68 90 75 41 80 49 72 
2G3651748 34127G685
71 68 42 99 39 44 90 29 
42G631578 6735412G8
18 15 15 68 0 21 45 56 
8431652G7 678251G34
59 5 99 85 32 6 46 20 
G58167234 26G485371
78 56 11 7 70 74 37 49 
5813G6274 3G6582741
51 11 49 0 55 73 87 51 
671G48523 83147G265
5 26 93 34 49 26 78 13 
2651734G8 7152G8364
37 1 0 92 59 90 24 26 
17G283546 57834G612
20 37 74 69 33 53 30 31 
G86572341 12G563784
82 91 96 85 72 3 94 84 
G72314658 643715G28
14 73 18 50 22 18 67 15 
G46512378 8271G4365
55 3 24 64 28 73 71 93 
257G81643 3764821G5
100 35 90 96 7 68 69 93 
13684G572 287G51364
77 7 2 19 24 73 34 77 
75416G832 21G583764
61 83 65 38 76 22 11 79 
57G123648 81437G526
36 97 13 65 81 68 67 80 
84617532G 2753816G4
65 92 35 80 31 44 22 1 
6417G8352 5867G3412
80 8 8 28 57 74 31 83 
87126G345 G25786413
65 44 70 43 33 24 22 98 
168247G35 586G42173
81 99 7 100 5 34 79 60 
18G254763 85763G142
43 82 67 96 95 76 13 95 
7624G5138 274631G58
94 40 31 68 48 4 69 58 
4186G5327 61524G387
63 27 57 6 99 9 31 96 
7G1845263 573486G12
48 0 35 76 84 54 62 56 
G24761853 471258G36
98 25 43 54 16 56 76 4 
68412375G G67183425
65 30 80 72 1 32 91 4 
2G1865473 6G4235718
87 51 26 15 35 65 50 68 
8G5731246 28347G516
23 60 94 50 86 33 63 69 
4G3628157 823176G54
93 11 48 12 99 72 75 72 
172365G48 712385G64
25 54 14 11 86 16 91 26 
138257G46 51824G763
91 75 92 30 1 48 78 31 
18742653G 13825674G
46 20 30 11 59 29 67 24 
7G6543218 61G845237
38 27 62 62 87 72 70 36 
64137G528 41235G876
19 66 44 2 89 13 84 94 
283G57614 21G648375
84 47 100 94 80 41 40 82 
41653728G 1385G2476
94 40 2 77 67 57 95 65 
673421G58 576G23148
91 17 0 82 16 34 54 53 
G72853416 31782G456
21 10 44 27 61 68 12 46 
7G1463582 341258G76
82 66 11 51 2 41 17 57 
17523846G 6381475G2
78 96 71 4 96 31 85 2 
5418G7326 47136G852
83 10 18 53 12 99 53 39 
53648721G 46738152G
100 57 90 33 74 47 52 36 
28G341576 5378641G2
74 46 12 90 16 97 23 92 
163G58274 483G51627
27 17 38 86 27 48 36 82 
682G47135 73561842G
41 41 96 71 66 8 76 23 
7856G4132 4758G3216
14 56 57 99 87 47 94 33 
74G631582 G48327165
73 53 52 49 56 56 48 73 
2415G3786 64837152G
51 1 73 6 20 3 44 54 
835G26471 516873G42
90 70 81 94 65 89 69 21 
45G368712 5G7413826
79 37 33 16 31 50 20 52 
5674823G1 21G586437
9 57 28 14 73 32 91 23 
36G718245 2386547G1
50 35 15 90 100 57 44 56 
4578G6312 523G47618
22 82 10 63 78 33 64 29 
58614723G 258137G46
87 94 66 55 93 10 73 41 
13278G564 25683714G
56 85 21 67 87 18 6 82 
84357G126 5G6283417
65 68 50 84 64 92 61 100 
3617G8425 826G47135
64 16 6 87 30 1 8 11 
145263G87 6G1853472
76 39 55 9 53 18 62 71 
12574G638 387G45621
59 97 87 67 4 95 84 73 
4271635G8 3625G1487
11 54 11 33 20 26 65 41 
4G1356827 5G8736421
42 88 49 65 76 62 24 9 
156243G78 G32816574
46 18 76 14 18 15 55 63 
6G2581437 1G6724538
46 82 42 14 28 59 20 66 
G47813652 46G851723
47 56 20 91 0 54 28 14 
8263157G4 7G4635281
3 20 63 70 34 58 20 97 
1658274G3 5674238G1
14 92 66 70 41 49 80 26 
64185372G 6G3452178
66 42 96 20 14 18 67 56 
25G617438 4613752G8
31 45 7 66 40 65 88 37 
81376G524 G62318745
77 72 92 60 20 35 5 35 
2163547G8 15678G423
13 89 55 73 17 55 9 94 
718234G56 14537G286
2 32 89 33 6 53 40 35 
1726G5384 6458G2137
80 91 46 41 73 55 25 53 
2513846G7 1452G3687
74 11 4 34 29 9 58 11 
7342G1685 31567482G
96 43 46 50 33 29 74 1 
G41627385 4G1276538
18 58 12 6 41 85 83 30 
G14825763 256G84371
20 64 47 43 47 83 71 62 
G46125387 7861253G4
11 33 17 75 20 44 19 67 
42358G671 2435G8716
38 87 20 42 28 62 28 40 
431G78562 8463G1752
34 87 24 50 83 1 92 9 
157364G28 8G3426175
97 75 45 1 47 50 46 52 
G13564287 G15483276
34 73 69 87 74 99 19 11 
7451823G6 5347281G6
24 0 83 56 9 95 49 32 
85132476G 283461G75
85 59 66 5 58 77 3 87 
46582G317 8174G6352
23 97 19 9 76 94 9 91 
3261758G4 27416853G
23 44 80 57 5 78 20 30 
538214G76 5G1832674
95 25 9 47 81 16 38 47 
71G362854 84751326G
32 26 14 13 94 94 22 38 
643G17825 387251G46
70 26 11 53 60 100 99 100 
G58314276 528G76341
38 51 89 13 69 17 7 92 
68514732G 3754816G2
88 23 32 37 7 33 55 8 
578G26431 4731G8256
44 99 78 60 55 74 90 73 
8246531G7 127G53864
86 60 31 57 19 50 28 84 
5487236G1 128G46357
49 71 0 0 36 8 68 78 
G72358614 G43652187
64 36 73 6 0 87 93 92 
27384651G 5G8421637
49 77 36 53 21 52 12 78 
1768G5432 73486512G
81 98 51 78 45 8 4 81 
85216473G 514326G87
36 52 66 98 70 95 29 87 
47561G238 53281746G
53 66 26 68 97 8 49 87 
3G1547826 637G81452
71 7 23 17 74 36 60 58 
53286G417 628G51743
90 76 1 99 10 56 4 93 
176G42538 G32741568
33 52 22 56 40 100 75 91 
G14625378 3527681G4
12 46 27 19 78 92 68 100 
4162358G7 35678412G
77 34 81 41 47 50 77 30 
51G734862 58G761423
55 22 100 66 64 2 38 67 
1G4678253 2175G8634
38 56 1 28 97 87 21 65 
1635G8742 G16843527
85 1 58 14 61 84 0 88 
672G58431 2G5461873
80 25 72 81 64 30 61 100 
541783G62 643G15278
35 51 94 10 99 71 22 93 
3765G2814 235G47681
87 14 66 63 36 82 30 97 
G68172453 683G24571
70 44 62 83 31 75 54 72 
1G5678423 G43578216
45 45 94 36 0 91 51 55 
G23678145 7125864G3
57 44 12 38 97 16 91 44 
6187542G3 G74835216
82 72 72 97 1 32 44 87 
67385G241 148573G62
87 56 87 38 38 34 12 16 
468152G37 273G61584
38 90 47 18 90 52 71 70 
34861G725 812G65374
0 75 57 88 99 31 44 85 
472G16538 45631827G
12 24 16 17 46 72 21 16 
G15837264 23G548716
9 44 80 19 94 98 78 40 
G68537241 4325167G8
21 20 8 49 26 54 49 9 
756G42138 6273584G1
18 88 86 36 54 73 13 39 
42687G153 83G615427
97 97 71 32 23 25 96 95 
1572G8436 14G736582
85 16 20 59 53 16 3 43 
45317G862 28356714G
34 6 72 89 56 4 57 73 
62748G153 76312548G
44 51 48 82 71 83 82 79 
6254G1837 17G538264
28 74 32 61 88 21 73 58 
G38765412 43287G516
72 72 40 71 97 76 34 31 
325G68417 38475216G
73 84 30 20 88 84 52 74 
4G2356781 82G316574
1 49 56 18 90 77 99 11 
671328G54 547618G23
50 32 19 87 23 19 21 34 
1526G7348 36871G452
30 67 58 83 66 89 68 94 
41532786G 147G56382
68 20 42 27 20 27 29 0 
32517G648 65138G472
48 60 82 62 41 25 47 64 
37256184G 16842G375
89 65 40 66 10 44 13 54 
247683G15 5634178G2
83 60 49 36 69 66 47 49 
674G53218 8265G7341
95 74 20 43 28 94 72 25 
678G14325 283176G45
23 18 94 61 10 93 99 54 
6814G7352 8G3167245
84 89 31 45 69 97 99 35 
53486712G 156G87432
54 26 68 19 92 96 16 58 
836415G72 37268154G
64 94 73 48 45 30 62 30 
734G68521 G48752361
25 21 13 36 62 52 73 3 
73186G425 78321G546
3 28 28 10 30 0 87 68 
352G67148 61748235G
59 98 34 12 8 62 9 6 
372658G14 84625G137
91 97 16 59 42 32 77 86 
143G65782 485327G61
93 61 44 22 79 34 46 89 
8G4315627 364G72158
56 27 87 19 89 15 66 73 
2365G8174 435162G78
4 60 37 64 93 41 20 53 
8216G4735 38761452G
63 23 30 83 34 70 40 40 
62G318745 281G65473
14 6 91 47 62 28 18 41 
7412356G8 41G286573
91 81 47 38 82 16 65 38 
8457G2316 714G53628
55 90 5 66 44 26 53 32 
14632587G 7G8364251
89 24 88 54 50 69 13 59 
G78435612 7123654G8
5 45 71 7 17 61 31 11 
34861725G 856G14723
55 3 90 21 16 38 78 79 
7862134G5 182453G76
50 40 19 82 37 68 5 14 
G23764581 53827G461
15 11 45 22 65 56 16 84 
G32675148 3G4762158
75 48 54 22 94 53 96 85 
G21357468 3G2857416
69 26 87 5 69 81 96 79 
4153628G7 65G472831
57 30 65 14 51 59 78 27 
65483712G 7G5842136
90 51 50 68 54 62 2 36 
3176G5824 62134587G
56 47 88 95 18 44 33 63 
2G3781465 7G4265381
69 68 70 49 69 97 82 95 
6327G5481 142G36785
3 1 12 19 98 65 45 50 
75682314G 37G641528
81 91 35 38 14 3 68 31 
24G381657 8251G7436
79 59 95 64 99 29 90 68 
1478G6235 8G1523647
59 41 94 63 87 68 97 77 
65G473128 24751386G
48 64 88 28 26 34 10 62 
5317264G8 6147G5283
1 34 84 87 100 19 40 47 
5762314G8 7G6245183
18 88 37 75 6 40 30 38 
58G312647 645381G72
95 23 80 42 31 5 6 83 
G52614738 12837G546
58 25 12 48 10 82 95 79 
8162G5374 432G56817
98 16 72 31 80 40 9 19 
816257G34 1452G3876
12 57 97 32 83 84 70 88 
7523641G8 74268531G
89 7 72 75 23 36 78 91 
53476182G 7125G6384
40 69 1 27 44 34 28 94 
673G28514 G27635841
30 14 91 40 93 30 13 65 
G17843265 8247316G5
86 14 7 5 22 91 96 45 
4865G3712 4G5836217
60 64 68 96 29 5 62 86 
56381G274 5124G3687
78 100 82 11 37 31 80 29 
1736245G8 83G156472
14 10 68 52 24 41 29 55 
317G28465 876G21345
91 28 99 84 28 23 88 72 
8G2745136 68G143275
91 37 44 87 99 91 78 36 
37G415268 241587G63
17 5 96 6 35 10 58 32 
325G47816 81562G437
42 54 97 24 67 32 31 20 
627853G41 76428315G
72 30 90 57 8 1 55 64 
38672G514 4G2185376
69 93 34 37 58 83 85 15 
7812G3465 672G14358
9 50 58 49 62 80 45 100 
7G2814653 G12657843
14 40 38 34 8 39 51 51 
4G2875316 18532746G
41 20 46 46 83 85 33 86 
365G14287 162837G54
26 1 16 1 44 3 73 98 
G53621748 37G185426
24 49 48 97 44 2 13 49 
G41572386 57321486G
48 33 75 29 56 20 3 14 
85G234176 3187G5426
99 70 31 87 71 50 90 75 
7124865G3 G62347518
58 91 80 99 48 92 89 26 
5874126G3 625G87341
93 89 13 29 68 27 21 91 
G56321478 7258G4613
98 82 98 96 12 15 57 59 
4681G3725 45G182376
9 60 12 74 77 46 4 18 
67245318G 61745328G
90 77 37 87 18 43 96 27 
7421G3856 21537648G
6 62 47 82 2 42 64 12 
23145G876 1G3465728
52 0 82 62 82 61 65 92 
6538G4721 435G21687
63 51 4 57 32 26 83 74 
5847123G6 17432856G
51 33 65 100 96 57 90 10 
354G26187 75621834G
90 48 87 40 54 65 72 81 
86G537124 76G154238
77 25 59 83 29 72 97 60 
746G15823 75186423G
68 75 74 66 72 62 99 40 
84G651372 8653427G1
25 86 25 23 73 15 24 84 
1G4352678 573G41286
25 94 80 2 34 76 79 3 
371G48526 2645871G3
20 84 86 44 100 92 49 88 
7G8345261 68342G517
20 82 98 29 41 33 32 18 
5814G2637 213487G56
1 2 40 42 41 69 3 99 
8534726G1 18576G234
18 95 40 64 14 73 15 51 
37864G251 17584G623
19 79 74 56 28 53 32 98 
415382G76 G26437851
84 63 50 65 57 100 47 14 
1428567G3 28541376G
20 56 69 53 22 69 3 34 
62351G487 86372514G
52 15 62 43 59 100 3 40 
G83127564 52G438176
11 83 93 99 9 78 38 6 
835127G64 4521763G8
13 80 26 99 13 11 19 49 
573G18462 375164G28
36 41 80 12 26 34 32 67 
48327G561 327G86154
66 28 93 56 35 47 3 58 
3687G1452 543718G26
79 56 8 88 99 9 48 59 
86G154273 186G73542
4 84 76 15 70 35 64 7 
8534G6721 2384756G1
62 65 60 93 23 42 53 22 
867214G35 62351G478
23 30 26 12 26 74 59 26 
67G254831 43562178G
87 31 97 89 32 24 51 17 
8G1532764 85G476231
38 37 40 37 63 19 87 94 
876354G12 518632G47
82 51 23 84 3 36 8 70 
G32487156 G64351872
13 88 60 96 72 61 52 44 
G31584267 7186G2345
63 83 43 43 56 30 83 25 
214638G75 38724G651
30 58 1 77 85 31 84 65 
264G37518 187325G64
56 78 86 2 69 66 13 37 
86347215G G76183425
95 7 53 38 8 35 67 29 
876452G13 G67384251
24 95 4 49 27 79 21 35 
21G376485 15678G324
37 2 98 16 91 5 44 5 
123846G57 512364G78
27 15 57 11 60 17 45 64 
37G854126 5647812G3
4 8 89 21 73 85 68 88 
28G675413 756G18423
27 2 34 14 33 48 24 65 
1584763G2 5G7821463
71 21 95 82 17 14 93 18 
317G58426 5367814G2
48 8 30 43 38 4 78 31 
6178G4532 683G15427
17 29 65 58 64 48 65 86 
7382156G4 3618457G2
75 52 89 59 66 66 1 100 
G83254716 261857G34
8 29 90 73 38 48 43 21 
73426518G 4381G7265
94 27 8 71 76 8 32 82 
64857321G 86G173245
54 21 55 93 20 38 28 8 
135G27684 61275G384
69 63 31 74 63 99 88 95 
45317G286 G52764831
22 3 6 59 28 17 84 95 
12G638475 37142568G
97 57 88 5 38 68 32 51 
38562147G 1547G2836
13 73 44 38 72 14 33 21 
61823G475 327651G48
74 73 49 54 66 1 73 34 
675843G21 82734G561
71 6 29 86 32 52 83 52 
G65481723 218547G63
33 22 53 26 91 83 79 58 
5213G8647 1236785G4
95 0 26 11 24 9 88 37 
27G134568 32G514867
41 47 76 54 19 20 9 18 
236541G78 74532G186
95 90 78 6 78 27 55 95 
42G175683 G47532681
89 16 97 57 39 93 59 88 
74612G358 7615834G2
53 10 76 100 12 99 18 35 
7513826G4 G36451827
23 77 3 88 42 63 10 42 
152G73486 G76825314
81 55 80 84 89 41 41 63 
1587G4362 51867432G
21 41 24 24 8 7 56 52 
5374261G8 6G5173842
11 48 6 85 67 71 26 20 
8G4236175 438672G51
46 46 1 30 68 2 75 46 
457312G68 51G437682
0 24 55 23 71 41 0 15 
76285314G 2G8465731
23 56 86 56 81 39 85 62 
18367G524 G27138465
5 69 57 5 17 87 7 19 
378G12465 41G283765
60 14 23 47 4 49 87 100 
36548G217 2185637G4
30 31 44 33 15 47 62 15 
38246G715 16G287354
61 37 3 92 59 40 0 55 
571G32468 726315G84
59 47 37 64 40 100 38 19 
32748615G 45G326781
85 44 34 67 53 74 50 30 
3G4657182 5G4372861
100 2 14 56 43 32 53 12 
325487G61 G52346178
77 39 80 67 35 49 44 62 
7356482G1 82156G734
47 78 0 73 31 22 37 46 
7842631G5 8714G2356
91 24 76 58 72 43 8 66 
15642378G 74265831G
69 4 68 66 44 100 96 23 
235G16487 18G324576
50 68 99 18 92 47 4 4 
7458126G3 1547628G3
59 60 59 6 38 31 31 64 
8G1473652 G25138764
4 18 18 84 37 16 14 39 
6713G5284 148G23675
29 1 73 5 100 5 18 52 
14376582G 8657324G1
17 67 80 49 41 72 10 88 
56872341G 258G67341
96 11 93 25 96 0 97 21 
5G2163874 46217G385
38 89 74 14 6 63 11 95 
3124857G6 571623G48
15 9 6 75 76 9 52 71 
57G482316 63G425718
4 71 52 87 2 26 23 97 
2376845G1 516G84372
2 31 22 39 24 100 79 18 
6723G1845 23671845G
3 17 89 41 1 68 62 52 
8537G1246 3142G6875
84 58 75 0 99 99 58 9 
543672G81 54781362G
85 48 89 60 2 1 95 36 
18G274563 52G678431
73 83 24 62 34 5 6 32 
76283145G 2174G6583
100 82 53 77 95 95 49 70 
7G8542163 435G71682
72 70 51 54 58 31 50 23 
24G678513 87136G524
60 1 42 34 1 70 80 38 
G17268345 35812647G
82 72 81 86 68 51 21 52 
765324G81 87G364521
40 94 21 95 85 15 20 99 
7342G1856 G24165837
75 19 68 50 8 100 52 50 
25G647831 5418627G3
30 66 24 26 48 28 77 91 
2137G5468 G62753814
41 72 24 99 98 90 9 97 
G25738641 75234861G
72 48 32 22 79 75 59 47 
1732485G6 7263G1584
1 8 92 87 14 62 87 84 
1G8736524 61738542G
57 82 17 0 31 83 0 90 
G52618473 16527843G
11 45 55 44 13 88 16 14 
G41826375 372G81564
63 81 49 78 81 1 71 29 
24135687G 284G61573
63 48 30 69 38 17 34 43 
781523G64 2183G4756
63 45 73 63 78 33 67 1 
G34826571 G17453628
22 65 93 1 32 12 89 1 
62783G145 1453827G6
11 23 82 54 53 37 45 4 
85647321G 872364G15
10 93 23 36 16 68 31 61 
41G857236 38257614G
18 36 62 91 86 89 69 91 
47G518362 214G35768
21 91 43 47 19 1 15 76 
54136278G G15864273
37 33 65 11 84 18 83 64 
5G8476321 2G4578163
75 68 46 82 15 5 12 52 
258143G76 245G17386
59 48 98 85 39 73 27 2 
G46578123 1652374G8
7 89 34 26 63 75 84 6 
2637G8415 7361458G2
33 19 20 27 65 57 33 39 
45782316G 23814756G
37 13 58 4 37 49 47 48 
G13764258 14536G728
8 82 90 96 54 33 31 4 
12657G384 86G437125
74 83 99 46 46 60 86 68 
G27458361 52G874613
34 54 67 95 76 83 32 18 
46583G271 734G86521
87 25 91 58 11 23 39 86 
12785436G G26531847
14 66 45 79 4 14 89 49 
76248G135 8G1427356
48 6 35 23 69 54 97 42 
71642358G G38247156
65 4 15 0 39 97 62 35 
273654G18 521368G74
96 4 83 6 96 99 5 48 
136278G54 562G31748
38 77 40 68 48 70 64 85 
1463G2578 1678534G2
45 41 26 30 100 80 57 34 
42G816573 546G72831
93 21 100 70 2 66 69 51 
G42831576 584G26713
28 45 12 26 85 64 54 63 
G87123546 163G24758
14 35 69 6 94 71 82 67 
73625G814 81354G762
56 100 35 13 17 57 68 35 
8G3672154 431862G57
39 87 33 10 5 76 45 90 
7284G6135 1643G5782
85 47 5 91 42 48 64 12 
465G23718 6G1573248
56 94 89 48 21 67 37 59 
65428G317 74182356G
57 98 96 91 60 90 58 22 
34578162G 7845263G1
51 23 18 63 3 78 38 93 
813G74562 8G6572413
87 100 100 29 60 44 64 95 
2G4738516 75G136284
2 11 93 7 56 70 71 86 
481G57362 8421365G7
63 66 21 62 44 13 35 21 
54873G126 8G7263145
69 26 83 54 97 0 7 0 
85G216437 58132674G
50 68 66 62 69 93 11 39 
125367G84 852764G13
31 7 52 28 16 71 81 28 
32G467815 G67815324
1 45 59 46 99 2 58 24 
76G832514 2G5764831
81 48 46 68 84 31 94 87 
7G1863452 86G375421
15 45 5 3 92 59 32 60 
217G48563 1G5372684
5 100 74 24 86 60 64 5 
342G56817 61753G248
25 53 78 23 20 71 53 7 
G13827645 G24365871
62 23 84 4 27 10 24 24 
86743215G 2836751G4
27 64 5 86 13 77 26 28 
618724G35 2714G3586
43 8 10 84 33 58 26 9 
348G17625 1473652G8
42 67 70 38 11 12 36 88 
5714G3628 423178G56
91 44 100 25 28 2 81 94 
48G276135 G12354678
41 83 82 49 9 20 89 29 
381742G65 584267G31
29 39 31 9 88 59 0 57 
57123G468 14375G826
0 87 44 8 29 16 29 47 
61G482573 251G68473
71 38 48 32 4 49 91 13 
18623G574 83176542G
71 15 44 75 86 16 52 28 
81G457623 367184G52
11 42 83 4 21 17 0 29 
238467G15 7645G3218
5 32 69 82 45 98 28 59 
4137G6582 G68721453
2 69 58 56 78 17 41 12 
5G8231746 46183G572
96 59 84 93 36 68 40 18 
64G753128 G38546712
0 4 16 84 88 16 11 51 
42385G176 5G1287346
49 86 92 38 92 94 40 47 
417652G38 75641283G
85 56 83 62 9 69 71 2 
85314G762 46521G738
45 28 10 19 86 50 35 49 
647G23851 568G37241
48 25 42 44 41 12 38 88 
81236G457 G64213785
90 19 62 26 50 96 37 16 
37684125G 54G863712
22 38 39 73 6 0 14 54 
342175G86 867423G51
36 10 96 44 47 90 57 74 
231746G85 54127G638
15 48 35 99 4 90 33 53 
G82174356 18274365G
60 51 67 46 20 5 87 75 
63G712854 186G23754
68 57 79 83 23 12 65 76 
83165724G 3875G1246
100 41 88 99 73 17 57 25 
15834G726 268451G37
49 47 31 38 32 41 16 35 
76854312G 25786G413
57 52 91 81 31 7 57 69 
48G271365 381672G54
90 72 35 61 74 26 78 48 
4362871G5 4862571G3
91 31 5 100 76 35 19 6 
6431G8527 85G236714
81 29 36 47 80 43 61 87 
2643518G7 156G43728
97 41 78 1 70 93 99 100 
6G7512834 1823476G5
12 48 54 79 71 84 56 86 
435G81627 2345G7186
17 84 98 0 98 46 14 34 
36471G852 5784G2136
69 3 70 71 68 61 27 49 
8274G1536 3G5412867
0 83 0 58 4 39 62 51 
G84637521 521683G74
0 90 100 25 42 50 85 52 
6218G5734 8465127G3
45 91 79 50 37 58 57 13 
21783645G 7562G1438
75 60 95 47 23 5 84 43 
26G374158 1576428G3
7 57 86 4 52 89 17 82 
G62538147 4571G8362
47 81 99 51 99 34 31 99 
16874325G 874356G12
36 67 33 17 100 73 100 27 
G71458326 561348G27
25 55 87 60 44 64 97 7 
83165G247 847G25361
50 48 32 26 0 49 61 17 
84521G367 541826G73
43 0 83 72 83 55 91 98 
816253G74 235178G46
63 28 77 0 34 17 83 18 
48532G716 G41763258
100 7 77 1 78 79 26 30 
G37415628 27G351846
93 8 42 54 63 55 96 4 
8G7564312 2G6543817
19 56 94 54 41 26 29 31 
4268G7351 84712356G
3 21 54 23 10 4 82 79 
478G13256 67G514832
62 28 78 62 43 44 22 3 
63528G174 421G63587
16 38 28 28 5 99 14 98 
G18735246 6G3847215
72 27 51 12 93 20 85 83 
5G6743218 86417523G
2 85 67 33 23 50 99 48 
7365812G4 2G8463751
56 16 99 30 69 5 31 54 
8G7524163 8543271G6
61 91 77 9 28 63 88 70 
7645G1832 8G5162743
2 64 17 73 46 46 40 42 
63427185G 213458G67
28 95 36 87 10 9 65 89 
67851423G 3124586G7
40 14 44 45 24 22 11 90 
4372651G8 6487G2135
2 28 60 0 17 85 85 85 
57248G631 25G764183
3 13 52 0 100 47 88 71 
642G78135 7G2841536
31 86 89 37 90 81 47 21 
73162G548 374128G56
30 95 56 60 16 81 74 51 
3765G2841 76G421853
93 89 52 47 93 3 61 63 
4312G8765 42G386715
32 81 72 22 82 74 8 57 
875G63214 5G4673821
7 97 15 1 64 40 66 48 
G64132857 54G832716
34 30 49 79 35 82 4 72 
G41657283 7G4135286
14 32 16 65 82 24 64 95 
47561G832 42783651G
42 35 19 76 68 23 47 33 
13425867G 51G764832
4 81 59 7 58 13 30 79 
276G34158 68G172354
35 41 25 55 79 34 75 63 
4127853G6 78463G251
17 49 15 21 1 42 65 31 
4827G5361 218G53476
34 26 86 38 76 32 34 33 
1283467G5 243G78165
76 8 16 30 25 2 19 1 
G64235871 1G8564273
5 58 27 93 78 71 37 84 
7835G1462 2G7864531
9 86 40 54 2 30 97 82 
2456718G3 G68152374
37 11 5 21 95 89 32 54 
4G2631785 136548G72
54 65 14 0 6 40 12 71 
2381546G7 G14785362
83 10 13 73 66 89 87 58 
8G3167425 G37485261
74 88 73 53 86 67 13 93 
G26453187 273G46185
12 25 24 58 87 69 26 78 
416G37582 1752G6843
36 73 43 81 46 14 26 71 
3541628G7 17G586324
27 74 39 90 62 39 38 97 
14823756G G16478253
2 91 96 97 46 29 21 7 
5821743G6 6275183G4
4 79 36 41 55 44 54 47 
87316425G 782G56413
9 54 56 54 16 63 12 88 
6G5248137 41765G238
65 22 16 89 44 70 69 61 
G15243678 817426G35
65 9 78 27 0 41 79 96 
65143G827 235678G14
24 17 67 25 35 26 45 37 
G31782564 7G5168342
89 2 94 29 78 97 8 13 
342718G56 4G3765281
100 91 1 51 67 51 51 95 
5137468G2 G25147683
22 53 90 4 95 42 36 32 
65G243178 473862G15
97 39 28 86 24 34 31 30 
12853G467 51G826743
30 5 88 84 32 33 24 7 
5243671G8 1586G4273
76 41 46 59 77 80 15 55 
285G43176 G78423156
89 94 86 39 42 40 99 8 
8G2715634 482756G13
27 16 29 58 31 1 11 38 
17635G482 471623G85
78 16 41 61 95 47 28 34 
17635G482 8G2543167
11 94 18 65 17 4 22 0 
237158G46 8G1453627
74 77 63 5 26 3 90 43 
4273168G5 714235G86
50 72 77 2 88 88 55 4 
53764182G G23451867
68 29 84 26 43 70 48 23 
14735G862 8743G6512
37 56 67 61 60 71 41 13 
3G8516724 G23156478
81 12 72 18 79 99 31 85 
86G435712 2186753G4
94 20 10 94 53 26 8 23 
631G72485 31854627G
76 84 27 31 52 88 38 65 
768234G51 G51683427
48 73 91 15 26 81 27 78 
461G37285 286G54713
99 16 94 76 22 48 61 42 
8G1753426 G17483265
57 5 94 23 51 50 89 27 
3786125G4 46832175G
52 29 59 14 58 21 21 38 
32786541G G17563824
14 49 10 18 83 12 31 20 
G17284653 362584G17
0 99 14 1 65 40 47 64 
26413G857 7G4581236
43 39 75 69 60 4 12 43 
G68472135 32416G587
29 90 61 74 92 43 80 46 
35G871264 5G2648713
72 84 24 92 60 1 71 9 
74G618532 61G435827
14 26 56 15 5 68 41 4 
528G41736 4782153G6
57 84 45 32 95 52 40 13 
G57164832 8623175G4
14 57 80 60 17 24 18 84 
254378G16 263457G18
30 21 71 9 34 84 97 11 
61524G378 428G37651
29 83 7 24 100 17 43 32 
2146385G7 14872563G
88 53 91 72 12 36 55 55 
1243586G7 58G164327
5 92 77 85 62 2 22 1 
1G8245367 64G285731
49 87 82 65 57 90 65 34 
G85317462 87423G516
3 24 71 70 19 6 67 44 
754G26318 86G351472
45 9 18 18 62 11 41 68 
5812647G3 G62587143
73 100 17 16 19 95 31 45 
G85362714 G78413625
13 54 10 0 18 22 22 22 
7143568G2 G76521834
21 3 36 59 24 48 26 32 
74G162358 718654G32
41 81 78 53 65 57 26 79 
2738461G5 G28635417
43 56 36 26 12 88 52 25 
841256G73 43571G862
52 35 1 69 50 74 11 93 
521G64738 78453261G
29 86 3 22 50 88 48 51 
32G461875 41325G786
6 12 84 83 95 30 64 19 
G61573248 4875G1632
21 9 39 22 76 46 55 29 
15G782463 4G2618537
99 34 59 64 49 93 21 22 
273486G51 367458G21
27 5 84 55 48 91 80 1 
5416G3872 67245381G
44 99 14 59 91 38 87 7 
G73546281 87136425G
96 61 99 48 2 31 27 15 
21367G845 4G3271658
88 7 19 30 31 29 94 94 
2G1374865 264G85731
87 28 75 48 60 54 30 40 
G65874213 8657G3124
8 64 27 55 43 76 53 19 
6381G4725 G58764123
20 51 33 74 64 39 52 89 
3G1827456 3527G1486
13 87 48 92 91 30 42 12 
7156348G2 G57842136
3 76 73 69 90 62 71 11 
G51267438 467G38215
33 44 58 29 90 26 21 84 
5G6143287 62G748351
92 93 35 43 16 46 51 33 
4568G1327 142753G68
42 75 42 5 69 79 51 1 
25G378146 72546183G
10 15 44 5 98 77 19 22 
G17825364 36245817G
51 97 82 96 81 99 11 18 
7263G4185 G14378526
54 2 21 27 43 87 61 19 
726518G34 54812763G
9 46 16 26 67 36 76 90 
4561G2378 73854612G
29 90 13 28 40 36 11 62 
5276413G8 381726G45
89 36 33 12 95 88 54 27 
1G6435278 85416237G
88 98 94 7 60 90 32 64 
7G6215438 14G523867
42 38 33 89 93 12 7 44 
87G215364 G67132584
98 60 68 37 0 30 29 36 
71238654G 48G173652
38 67 1 88 29 57 88 95 
4G6382175 281374G56
64 70 80 1 97 46 61 52 
865G43712 14G527683
5 27 40 11 94 7 29 69 
7316G8452 G84751623
49 8 87 48 11 54 77 38 
54G238176 63248571G
24 25 20 78 10 31 76 32 
21847635G 15682G347
20 28 96 23 19 42 52 9 
475368G12 8261G4573
99 87 36 3 32 11 37 73 
G42175368 7136284G5
52 37 75 87 98 75 54 93 
G54361782 4325G7861
95 80 52 7 74 0 80 69 
531G67482 G36458712
87 81 4 76 92 71 13 46 
76821G354 38462G175
69 5 87 1 30 16 34 10 
57182G364 617G45823
22 34 80 77 15 47 63 71 
53G472168 346158G72
89 26 34 94 4 17 47 99 
52368G741 674823G51
41 3 36 76 59 30 37 29 
86375214G 7384G1256
44 67 94 3 92 78 66 40 
4728653G1 G67235184
16 8 20 56 70 44 71 21 
736G15824 785134G62
55 90 25 79 19 56 65 15 
32486G751 358647G21
59 20 1 18 83 11 14 25 
78G623514 46851G732
0 94 32 52 53 51 59 0 
481527G63 G48356271
44 53 24 97 18 54 11 10 
6G5384721 38G571264
14 29 43 75 8 3 15 52 
5732614G8 G15382467
51 34 100 53 47 69 94 29 
8G4521736 87163524G
62 96 68 26 23 97 7 39 
1782456G3 25637481G
100 64 77 66 49 35 50 62 
423G61875 6G7524318
67 41 9 94 97 32 19 12 
86G721534 4513872G6
5 16 15 43 45 36 1 46 
71542836G G67834152
68 36 42 85 23 43 9 93 
73G485162 371586G24
75 73 0 48 94 100 29 52 
8G1457263 G37586124
15 1 95 90 99 23 87 83 
5G6724318 174638G52
12 34 32 18 30 17 60 45 
12783564G 43G276581
68 50 1 13 78 64 19 22 
854736G12 5G7234168
43 50 49 80 54 27 29 45 
G57128634 38G764152
1 42 39 73 86 28 77 87 
73412865G 875G24316
62 95 68 35 14 29 38 66 
4523617G8 68472135G
85 49 74 54 91 55 5 6 
3G5217468 G41273856
67 30 64 22 20 91 37 8 
G18534627 82G576431
50 11 6 20 2 35 36 57 
13G846257 2341587G6
14 70 46 37 0 95 54 74 
264187G35 174653G28
47 43 26 80 100 47 54 61 
73146G258 68174253G
96 50 89 89 18 27 44 8 
3246G7518 83174625G
61 85 66 22 4 26 81 99 
368G75241 17G685243
84 25 91 77 65 53 61 6 
753G41286 2517684G3
49 82 58 40 48 26 82 70 
2G4871536 2376G1548
94 17 71 28 75 87 30 46 
3167G4528 74682G513
65 85 49 56 23 15 8 51 
487G16253 62G874351
34 59 44 25 48 38 18 15 
1G3586742 4368G5271
32 69 74 38 7 95 75 71 
8153G2746 1283G7546
11 46 34 28 73 92 24 52 
874536G21 48716G325
50 77 16 4 24 75 64 94 
G38457126 67541G382
87 88 1 66 75 2 36 31 
7G1386452 G23154687
15 20 2 83 79 55 68 29 
67G215834 6753G1428
14 28 12 74 68 27 66 8 
67G823541 74321G658
4 60 47 11 29 48 70 1 
432G61857 725638G41
54 14 50 12 61 95 59 71 
487362G51 6G7524138
50 88 68 79 5 9 58 94 
8472G3651 6572G1483
7 85 98 63 28 17 72 29 
627415G83 68172G543
33 84 83 53 3 59 43 50 
825G46713 485G37261
50 48 57 28 69 26 11 93 
25183674G 2581346G7
4 66 94 51 32 90 78 75 
64875132G 24587163G
52 89 32 71 68 39 18 83 
423867G15 863G75142
100 99 2 42 37 27 60 11 
46G712583 G61748352
94 2 62 13 49 66 83 58 
7854162G3 8742G3156
94 6 7 45 43 75 30 23 
6812573G4 62G734518
32 8 28 75 97 91 95 41 
47638G251 7524G3186
79 59 46 46 20 28 9 2 
1G5374286 43657G218
99 3 78 74 79 54 12 7 
1G5786432 27185634G
48 65 64 39 4 15 65 49 
4587361G2 34178625G
20 80 33 56 28 99 16 65 
74563182G 512G47683
0 57 68 73 100 2 90 30 
36745281G 65G142837
43 17 54 96 22 53 12 57 
283G54176 G35216478
31 35 14 70 18 0 0 73 
1G4732658 2451G8637
12 46 0 34 84 95 85 16 
G65314278 768154G32
67 44 86 26 0 52 61 70 
G25316784 732G14586
5 90 8 20 78 42 69 100 
3587421G6 7G8261453
36 50 86 21 62 61 45 10 
71653428G 817G45623
100 62 39 45 66 62 13 89 
86723G514 17G325684
76 36 33 60 43 70 73 58 
4817256G3 18432567G
87 81 22 92 56 19 4 8 
8761253G4 573284G16
93 37 3 64 47 69 94 69 
548173G62 753126G48
31 54 87 9 68 40 94 98 
21G546873 153247G86
6 16 13 41 54 21 95 13 
6345817G2 G81547623
35 18 100 5 98 62 22 15 
64512783G 1574G6328
33 9 28 50 53 25 19 88 
46528731G 68G713542
72 78 74 86 49 79 20 32 
4261G5738 87356G421
16 45 28 89 95 100 5 11 
G85261437 3187546G2
51 24 79 3 60 36 73 80 
7654G2813 G86321475
46 33 53 34 77 84 100 27 
G54726813 72654G183
26 0 0 7 34 51 79 63 
81G752634 231847G56
10 46 24 60 65 85 39 65 
1763852G4 6351G2748
56 30 100 46 32 60 55 1 
51G462873 5G4376812
21 37 23 17 58 68 7 6 
52683471G G86542731
64 57 72 38 80 47 14 63 
612G83574 645138G72
92 91 68 91 4 52 72 78 
357486G21 6741352G8
64 19 8 7 95 27 83 65 
G56712348 G26514783
55 83 16 22 74 29 50 1 
362G84157 41G586732
97 52 45 19 29 14 13 11 
865G43217 543816G72
70 52 83 29 72 11 65 96 
43162758G 57834162G
82 13 27 38 74 54 29 49 
18G643527 G85371264
78 49 97 66 74 17 97 81 
G26548371 58673G241
78 63 26 16 97 76 19 61 
31G574628 42G856317
23 2 2 26 96 50 46 17 
426137G58 4378615G2
52 79 71 41 4 50 76 41 
743126G85 15863427G
3 15 11 94 96 79 85 35 
6G7138452 4257G1638
52 48 98 41 41 97 49 65 
537482G61 1857G4623
16 4 97 77 55 89 39 13 
6G7521438 84721G536
81 13 28 92 84 96 58 53 
217563G48 74623G518
85 32 88 68 92 100 92 95 
82G746513 63574218G
89 34 95 71 55 50 78 27 
8742G1563 64812357G
22 28 45 93 85 40 5 7 
74813265G 65G783421
48 61 34 73 90 96 65 95 
62154873G 25346G871
75 72 37 4 38 36 80 85 
85126G347 26G345718
91 9 13 47 9 92 30 2 
157836G24 31857G264
5 88 87 57 55 35 79 26 
3742G1658 5481736G2
76 31 46 40 14 94 82 40 
4368G2571 56243718G
21 5 13 11 66 0 28 89 
3175G6284 76823154G
86 2 34 12 68 2 53 4 
851263G47 5143687G2
84 100 94 0 37 88 83 34 
857G21634 78264G531
38 41 8 73 11 33 30 29 
54G826371 763152G48
35 93 39 59 9 77 80 5 
68724G135 7G4258631
22 71 43 62 33 28 32 21 
G14623578 3581G4762
7 17 28 88 47 82 67 63 
1254368G7 48657G132
78 84 96 62 24 35 8 62 
37586241G 8237G6451
92 1 54 15 0 85 0 73 
G78132645 34716G825
69 30 44 83 56 90 86 46 
1G7526348 7351G2684
61 1 64 94 16 27 47 17 
143G28576 8243571G6
90 8 80 28 27 83 59 93 
1875G6342 2185G4736
19 37 81 28 27 79 81 38 
87536142G 31267845G
56 18 26 10 61 86 57 4 
12G846735 G52341786
84 30 94 77 55 0 19 28 
36548721G 2G7351846
89 77 87 30 82 14 24 62 
1487G3562 671483G52
40 18 60 41 76 94 55 54 
G32745861 456G81732
98 85 0 75 47 78 64 51 
G28657341 6728351G4
65 43 16 11 92 53 89 52 
46231G578 G14762538
14 11 14 52 75 46 18 62 
6G8527143 82357146G
6 90 60 16 97 60 66 8 
G12748365 5176G4283
10 100 39 100 4 100 98 3 
18426375G 6425G7813
95 18 55 53 14 87 92 15 
75246G138 47328G561
28 47 89 52 49 100 29 49 
6827G4351 2538671G4
44 68 65 56 87 17 58 98 
76G123845 1G7245683
0 72 11 37 52 57 33 61 
21G456783 851274G36
91 96 10 56 42 75 68 41 
24135678G 152368G47
59 52 76 32 91 36 25 33 
615374G28 86G351274
19 52 97 89 64 100 95 4 
8631742G5 5462378G1
41 23 7 43 86 85 55 99 
62584G317 3672851G4
24 15 95 27 90 57 16 66 
6185G7234 41367582G
30 62 30 73 24 57 78 8 
G64571283 218G74536
96 84 95 50 15 89 55 7 
51362478G 1736482G5
73 46 57 49 4 94 15 58 
72156G834 1543G2768
44 0 92 84 38 100 36 77 
7G6125348 3657G4128
14 54 2 49 79 19 23 10 
4326187G5 1G2486753
29 67 10 28 0 93 30 12 
2485761G3 6728G4153
57 56 31 11 29 82 21 79 
